[gd_scene load_steps=43 format=2]

[ext_resource path="res://Mobs/Player/Player.tscn" type="PackedScene" id=1]
[ext_resource path="res://Assets/Props/grass02.png" type="Texture" id=2]
[ext_resource path="res://Assets/Props/rock02.png" type="Texture" id=3]
[ext_resource path="res://Assets/Props/tree01.png" type="Texture" id=4]
[ext_resource path="res://Assets/Props/tree02.png" type="Texture" id=5]
[ext_resource path="res://Assets/Props/rock01.png" type="Texture" id=6]
[ext_resource path="res://Assets/Props/Barrel.png" type="Texture" id=7]
[ext_resource path="res://Assets/Props/grass.png" type="Texture" id=8]
[ext_resource path="res://Assets/Props/explosiveBarrel.png" type="Texture" id=9]
[ext_resource path="res://Assets/Props/Bush02.png" type="Texture" id=10]
[ext_resource path="res://Assets/Props/chandelier.png" type="Texture" id=11]
[ext_resource path="res://Assets/Props/candelier02.png" type="Texture" id=12]
[ext_resource path="res://Assets/Props/Chains03.png" type="Texture" id=13]
[ext_resource path="res://Assets/Props/Bush01.png" type="Texture" id=14]
[ext_resource path="res://Assets/Props/Chains01.png" type="Texture" id=15]
[ext_resource path="res://Assets/Props/Chains02.png" type="Texture" id=16]
[ext_resource path="res://Assets/Textures/pixil-frame-0(7).png" type="Texture" id=17]
[ext_resource path="res://Assets/Textures/imageonline-co-pixelated(2).png" type="Texture" id=18]
[ext_resource path="res://Assets/Textures/imageonline-co-pixelated(4).png" type="Texture" id=19]
[ext_resource path="res://Assets/Textures/imageonline-co-pixelated(1).png" type="Texture" id=20]
[ext_resource path="res://Assets/Textures/imageonline-co-pixelated.png" type="Texture" id=21]
[ext_resource path="res://Assets/SoundEffects/ahCaNon.wav" type="AudioStream" id=22]
[ext_resource path="res://Assets/Models/obelix/obelix.gltf" type="PackedScene" id=24]

[sub_resource type="StreamTexture" id=8]
flags = 23
load_path = "res://.import/imageonline-co-pixelated3.png-58753c56a6dfb4674cf93983074d68e4.s3tc.stex"

[sub_resource type="SpatialMaterial" id=4]
albedo_texture = SubResource( 8 )

[sub_resource type="SpatialMaterial" id=12]
albedo_texture = ExtResource( 18 )

[sub_resource type="SpatialMaterial" id=13]
albedo_texture = ExtResource( 19 )

[sub_resource type="SpatialMaterial" id=14]
albedo_texture = ExtResource( 21 )

[sub_resource type="SpatialMaterial" id=15]
albedo_texture = ExtResource( 17 )

[sub_resource type="SpatialMaterial" id=16]
albedo_texture = ExtResource( 20 )

[sub_resource type="StreamTexture" id=18]
flags = 23
load_path = "res://.import/imageonline-co-pixelated1.png-5a13d11bc7acc9200dbf72393b38eadc.s3tc.stex"

[sub_resource type="SpatialMaterial" id=1]
albedo_texture = SubResource( 18 )
uv1_scale = Vector3( 2, 4, 1.466 )

[sub_resource type="BoxShape" id=17]
extents = Vector3( 0.281531, 0.319793, 0.161273 )

[sub_resource type="BoxShape" id=19]
extents = Vector3( 0.219307, 0.22544, 0.138813 )

[sub_resource type="CapsuleShape" id=20]
radius = 0.641582
height = 0.002

[sub_resource type="StreamTexture" id=10]
flags = 23
load_path = "res://.import/imageonline-co-pixelated4.png-bd8b5b7240b6ff1701c8bed78faff24a.s3tc.stex"

[sub_resource type="SpatialMaterial" id=5]
albedo_texture = SubResource( 10 )

[sub_resource type="SpatialMaterial" id=6]
albedo_texture = SubResource( 10 )

[sub_resource type="SpatialMaterial" id=7]
albedo_texture = SubResource( 10 )

[sub_resource type="StreamTexture" id=11]
flags = 23
load_path = "res://.import/imageonline-co-pixelated2.png-0acadaf5b1e3d762285d5c76a60d7ddc.s3tc.stex"

[sub_resource type="SpatialMaterial" id=2]
albedo_texture = SubResource( 11 )

[sub_resource type="SpatialMaterial" id=3]
albedo_texture = SubResource( 11 )

[node name="DebugMap" type="Spatial"]

[node name="Player" parent="." instance=ExtResource( 1 )]
transform = Transform( 1, 0, 0, 0, 1, 0, 0, 0, 1, -0.311138, 10.3601, 0.583661 )
_headNodePath = NodePath("")

[node name="Walls" type="Spatial" parent="."]
transform = Transform( -0.00158827, 0, -0.999999, 0, 1, 0, 0.999999, 0, -0.00158827, 2.7067, 1.07258, 8.5129 )

[node name="wall11" type="CSGBox" parent="Walls"]
transform = Transform( -0.0560656, 0, 0.998428, 0, 1, 0, -0.998428, 0, -0.0560656, -1.50451, 0, 35.2485 )
use_collision = true
height = 6.95414
depth = 5.32256
material = SubResource( 4 )

[node name="wall12" type="CSGBox" parent="Walls"]
transform = Transform( -0.12516, 0, -0.992136, 0, 1, 0, 0.992136, 0, -0.12516, 0.499284, 1.17851, 41.2032 )
use_collision = true
height = 6.95414
depth = 5.32256
material = SubResource( 12 )

[node name="wall1" type="CSGBox" parent="Walls"]
transform = Transform( 0.0639227, 0, -0.997955, 0, 1, 0, 0.997955, 0, 0.0639227, -8.10956, 0, 35.6345 )
use_collision = true
height = 6.95414
depth = 5.32256
material = SubResource( 4 )

[node name="wall2" type="CSGBox" parent="Walls"]
transform = Transform( -0.999991, 0, 0.00404908, 0, 1, 0, -0.00404908, 0, -0.999991, -9.96455, 1.17851, 47.811 )
use_collision = true
height = 6.95414
depth = 5.32256
material = SubResource( 12 )

[node name="wall3" type="CSGBox" parent="Walls"]
transform = Transform( 0.107216, -0.994236, -0.000833515, 0.0116585, 0.000418934, 0.999932, -0.994168, -0.107219, 0.0116362, -8.71985, 0.02144, 10.586 )
use_collision = true
height = 5.52462
depth = 6.82189
material = SubResource( 13 )

[node name="wall8" type="CSGBox" parent="Walls"]
transform = Transform( -0.097618, 0, 0.995224, 0, 1, 0, -0.995224, 0, -0.097618, 2.88771, 0, 20.2238 )
use_collision = true
height = 6.95414
depth = 5.32256
material = SubResource( 14 )

[node name="wall9" type="CSGBox" parent="Walls"]
transform = Transform( 0.0881993, 0, -0.996102, 0, 1, 0, 0.996102, 0, 0.0881993, -17.7351, 0, 4.40991 )
use_collision = true
height = 6.95414
depth = 5.32256
material = SubResource( 14 )

[node name="wall10" type="CSGBox" parent="Walls"]
transform = Transform( 0.999821, 0, -0.0189182, 0, 1, 0, 0.0189182, 0, 0.999821, -4.50533, 0, 5.08222 )
use_collision = true
height = 6.95414
depth = 5.32256
material = SubResource( 14 )

[node name="wall4" type="CSGBox" parent="Walls"]
transform = Transform( -0.999955, 0, 0.00945951, 0, 1, 0, -0.00945951, 0, -0.999955, -10.3478, 0, 19.6767 )
use_collision = true
height = 6.95414
depth = 5.32256
material = SubResource( 14 )

[node name="wall5" type="CSGBox" parent="Walls"]
transform = Transform( -0.999897, 0.00158784, 0.0142742, 0.0143074, 0.0233503, 0.999625, 0.00125393, 0.999726, -0.0233706, -10.5727, 0, 25.8471 )
use_collision = true
height = 5.51465
depth = 7.02482
material = SubResource( 15 )

[node name="wall7" type="CSGBox" parent="Walls"]
transform = Transform( 0.999356, 0, 0.0358762, 0, 1, 0, -0.0358762, 0, 0.999356, -15.5082, 0.28502, 13.4418 )
use_collision = true
height = 6.95414
depth = 5.48792
material = SubResource( 16 )

[node name="wall6" type="CSGBox" parent="Walls"]
transform = Transform( -0.999839, 0, -0.017941, 0, 1, 0, 0.017941, 0, -0.999839, -20.6366, 0.14251, 13.7527 )
use_collision = true
height = 6.95414
depth = 5.48792
material = SubResource( 16 )

[node name="DirectionalLight" type="DirectionalLight" parent="."]
transform = Transform( 1, 0, 0, 0, 0.932683, 0.360697, 0, -0.360697, 0.932683, 0, 123.565, 93.937 )
light_energy = 1.514
shadow_enabled = true

[node name="Sol" type="Spatial" parent="."]

[node name="sol5" type="CSGBox" parent="Sol"]
use_collision = true
width = 36.1643
height = 0.121397
depth = 39.0209
material = SubResource( 1 )

[node name="sol2" type="CSGBox" parent="Sol"]
transform = Transform( 1, 0, 0, 0, 0.9391, 0.343643, 0, -0.343643, 0.9391, 0, 6.21905, 35.3237 )
use_collision = true
width = 36.1643
height = 0.121397
depth = 39.0209
material = SubResource( 1 )

[node name="sol3" type="CSGBox" parent="Sol"]
transform = Transform( 1, 0, 0, 0, 1, 0, 0, 0, 1, 0, 12.7316, 72.5843 )
use_collision = true
width = 36.1643
height = 0.121397
depth = 39.0209
material = SubResource( 1 )

[node name="sol4" type="CSGBox" parent="Sol"]
transform = Transform( 1, 0, 0, 0, 1, 0, 0, 0, 1, -36.053, 0, 0 )
use_collision = true
width = 36.1643
height = 0.121397
depth = 39.0209
material = SubResource( 1 )

[node name="Arbre2" type="Spatial" parent="Sol/sol4"]
transform = Transform( 5, 0, 0, 0, 5, 0, 0, 0, 1, -12.1427, 2.68132, -10.751 )

[node name="Texture1" type="Sprite3D" parent="Sol/sol4/Arbre2"]
transform = Transform( 0.0522139, 0, -0.199727, 0, 1, 0, 4.99318, 0, 0.052214, -0.0230522, 0, 9.53674e-07 )
texture = ExtResource( 4 )

[node name="Texture2" type="Sprite3D" parent="Sol/sol4/Arbre2"]
transform = Transform( 1, 0, 0, 0, 1, 0, 0, 0, 1, 0, 0, -0.251854 )
texture = ExtResource( 4 )

[node name="Arbre1" type="Spatial" parent="Sol/sol4"]
transform = Transform( 5, 0, 0, 0, 7, 0, 0, 0, 1, -8.16547, 3.68236, -10.751 )

[node name="Texture1" type="Sprite3D" parent="Sol/sol4/Arbre1"]
transform = Transform( -0.0326668, 0, -0.199893, 0, 1, 0, 4.99733, 0, -0.0326668, -0.0478296, 0, 0.193196 )
texture = ExtResource( 5 )

[node name="Texture2" type="Sprite3D" parent="Sol/sol4/Arbre1"]
texture = ExtResource( 5 )

[node name="rock 01" type="Sprite3D" parent="Sol/sol4"]
transform = Transform( 5, 0, 0, 0, 5, 0, 0, 0, 1, -4.03173, 1.15222, -10.751 )
texture = ExtResource( 6 )

[node name="rock 02" type="Sprite3D" parent="Sol/sol4"]
transform = Transform( 5, 0, 0, 0, 5, 0, 0, 0, 1, 0.234135, 1.2335, -10.751 )
texture = ExtResource( 3 )

[node name="barrel" type="Sprite3D" parent="Sol/sol4"]
transform = Transform( 3, 0, 0, 0, 3, 0, 0, 0, 1, 5.4439, 1.55758, -10.751 )
texture = ExtResource( 7 )

[node name="StaticBody" type="StaticBody" parent="Sol/sol4/barrel"]

[node name="CollisionShape" type="CollisionShape" parent="Sol/sol4/barrel/StaticBody"]
transform = Transform( 1, 0, 0, 0, 1, 0, 0, 0, 1, 0, -0.178143, 0 )
shape = SubResource( 17 )

[node name="grass" type="Sprite3D" parent="Sol/sol4"]
transform = Transform( 5, 0, 0, 0, 5, 0, 0, 0, 1, -12.3161, 0.327365, -3.54352 )
texture = ExtResource( 8 )

[node name="grass2" type="Sprite3D" parent="Sol/sol4"]
transform = Transform( 5, 0, 0, 0, 5, 0, 0, 0, 1, -8.52204, 0.327365, -3.54352 )
texture = ExtResource( 2 )

[node name="chain" type="Sprite3D" parent="Sol/sol4"]
transform = Transform( 5, 0, 0, 0, 5, 0, 0, 0, 1, -5.5658, 2.78265, -3.54352 )
texture = ExtResource( 15 )

[node name="chain2" type="Sprite3D" parent="Sol/sol4"]
transform = Transform( 5, 0, 0, 0, 5, 0, 0, 0, 1, -1.7737, 1.87245, -3.54352 )
texture = ExtResource( 16 )

[node name="chain3" type="Sprite3D" parent="Sol/sol4"]
transform = Transform( 5, 0, 0, 0, 5, 0, 0, 0, 1, 1.41291, 2.03024, -3.54352 )
texture = ExtResource( 13 )

[node name="obelix" parent="Sol/sol4" instance=ExtResource( 24 )]
transform = Transform( -3.8293, 0, -1.15606, 0, 4, 0, 1.15606, 0, -3.8293, 10.6511, 0.319904, 7.97236 )
visible = false

[node name="AhCaNon" type="AudioStreamPlayer3D" parent="Sol/sol4/obelix"]
transform = Transform( 0.25, 0, 0, 0, 0.25, 0, 0, 0, 0.25, 0, 0, 0 )
stream = ExtResource( 22 )
attenuation_model = 3

[node name="StaticBody" type="StaticBody" parent="Sol/sol4/obelix"]

[node name="CollisionShape" type="CollisionShape" parent="Sol/sol4/obelix/StaticBody"]
transform = Transform( 0.999191, -0.0402221, -0.000244319, 0.0402221, 0.999117, 0.012143, -0.000244319, -0.012143, 0.999926, -0.0507946, 1.90054, 0.036026 )
shape = SubResource( 19 )
disabled = true

[node name="CollisionShape2" type="CollisionShape" parent="Sol/sol4/obelix/StaticBody"]
transform = Transform( 0.999189, -0.0402221, -0.000244319, 0.0402221, 0.999117, 0.012143, -0.000244051, -0.012143, 0.999926, -0.0261559, 1.03835, 0.0613804 )
shape = SubResource( 20 )
disabled = true

[node name="chandelier" type="Sprite3D" parent="Sol/sol4"]
transform = Transform( 5, 0, 0, 0, 5, 0, 0, 0, 1, 5.27499, 3.04891, -3.54352 )
texture = ExtResource( 11 )

[node name="chandelier02" type="Sprite3D" parent="Sol/sol4"]
transform = Transform( 3, 0, 0, 0, 3, 0, 0, 0, 1, -12.3161, 1.6543, 1.63597 )
texture = ExtResource( 12 )

[node name="explosiveBarrel" type="Sprite3D" parent="Sol/sol4"]
transform = Transform( 3, 0, 0, 0, 3, 0, 0, 0, 1, -8.27085, 1.55655, 1.55083 )
texture = ExtResource( 9 )

[node name="bush" type="Sprite3D" parent="Sol/sol4"]
transform = Transform( 5, 0, 0, 0, 5, 0, 0, 0, 1, -2.98522, 1.2775, 1.57196 )
texture = ExtResource( 14 )

[node name="bush02" type="Sprite3D" parent="Sol/sol4"]
transform = Transform( 5, 0, 0, 0, 5, 0, 0, 0, 1, 1.62379, 1.29711, 1.57196 )
texture = ExtResource( 10 )

[node name="Parcours" type="Spatial" parent="."]

[node name="CSGBox" type="CSGBox" parent="Parcours"]
transform = Transform( 1, 0, 0, 0, 1, 0, 0, 0, 1, 0, 13.3683, 75.4297 )
use_collision = true
material = SubResource( 5 )

[node name="CSGBox2" type="CSGBox" parent="Parcours"]
transform = Transform( 1, 0, 0, 0, 1, 0, 0, 0, 1, 5.01962, 16.0599, 71.1844 )
use_collision = true
material = SubResource( 6 )

[node name="CSGBox3" type="CSGBox" parent="Parcours"]
transform = Transform( 1, 0, 0, 0, 1, 0, 0, 0, 1, -0.278392, 18.9269, 66.3393 )
use_collision = true
material = SubResource( 7 )

[node name="CSGBox4" type="CSGBox" parent="Parcours"]
transform = Transform( 1, 0, 0, 0, 1, 0, 0, 0, 1, -3.14927, 22.8652, 69.0946 )
use_collision = true
material = SubResource( 7 )

[node name="CSGBox5" type="CSGBox" parent="Parcours"]
transform = Transform( 1, 0, 0, 0, 1, 0, 0, 0, 1, 0.994301, 26.1844, 73.0917 )
use_collision = true
material = SubResource( 7 )

[node name="Rampes" type="Spatial" parent="."]

[node name="Rampe1" type="CSGBox" parent="Rampes"]
transform = Transform( 0.862249, 0.158235, 0.481133, 0, 0.949945, -0.312418, -0.506485, 0.269382, 0.819089, 8.26765, 1.08547, 0 )
use_collision = true
width = 6.76224
height = 0.372073
depth = 11.6501
material = SubResource( 2 )

[node name="Rampe2" type="CSGBox" parent="Rampes"]
transform = Transform( -0.870037, -0.154017, -0.468309, 0, 0.949945, -0.312418, 0.492986, -0.271815, -0.826488, 5.90736, 1.08547, -11.1999 )
use_collision = true
width = 6.76224
height = 0.372073
depth = 11.6501
material = SubResource( 3 )
